FORMACIÓN DE LOS MARCOS DE LAS SERIES CARTOGRÁFICAS EN CANARIAS
- Huso de la proyección UTM para la división de las series 1:2000, 1:1000 y 1:500 .......: 30
- Sistema de Referencia de Coordenadas seleccionado para los resultados .................: 4258
- Número de hojas del MTN50 seleccionadas para formar las series cartográficas ..........: 6 hojas del MTN50
      HOJA                                                      MARCO EN FORMATO WKT
      SC25    1078B1                        POLYGON((-3.166666666667 36.001325000000,-3.125000000000 36.001325000000,-3.083333333333 36.001325000000,-3.041666666667 36.001325000000,-3.000000000000 36.001325000000,-3.000000000000 35.980491666667,-3.000000000000 35.959658333333,-3.000000000000 35.938825000000,-3.000000000000 35.917986111111,-3.041666666667 35.917991666667,-3.083333333333 35.917991666667,-3.125000000000 35.917991666667,-3.166666666667 35.917991666667,-3.166666666667 35.938825000000,-3.166666666667 35.959658333333,-3.166666666667 35.980491666667,-3.166666666667 36.001325000000,-3.166666666667 36.001325000000))
      SC25 1078B1_A1                        POLYGON((-4.317829144047 35.181981740987,-4.310188397619 35.181981740987,-4.302547651191 35.181981740987,-4.294906904763 35.181981740987,-4.287266158335 35.181981740987,-4.287266158335 35.177121959545,-4.287266158335 35.172262178103,-4.287266158335 35.167402396662,-4.287266940053 35.162537685779,-4.294900552252 35.162542615220,-4.302541298680 35.162542615220,-4.310182045108 35.162542615220,-4.317822791536 35.162542615220,-4.317829144047 35.167402396662,-4.317829144047 35.172262178103,-4.317829144047 35.177121959545,-4.317829144047 35.181981740987,-4.317829144047 35.181981740987))
      SC25 1078B1_A2                        POLYGON((-3.912268660653 35.223659475923,-3.904629137771 35.223659475923,-3.896989614890 35.223659475923,-3.889350092009 35.223659475923,-3.881710569128 35.223659475923,-3.881710569128 35.218797246103,-3.881710569128 35.213935016283,-3.881710569128 35.209072786462,-3.881708919492 35.204211563903,-3.889341153592 35.204210556642,-3.896980676473 35.204210556642,-3.904620199355 35.204210556642,-3.912259722236 35.204210556642,-3.912268660653 35.209072786462,-3.912268660653 35.213935016283,-3.912268660653 35.218797246103,-3.912268660653 35.223659475923,-3.912268660653 35.223659475923))
      SC25    1110-3                        POLYGON((-5.433333333333 35.933333333333,-5.391666666667 35.933333333333,-5.350000000000 35.933333333333,-5.308333333333 35.933333333333,-5.266666666667 35.933333333333,-5.266666666667 35.912500000000,-5.266666666667 35.891666666667,-5.266666666667 35.870833333333,-5.266666666667 35.850000000000,-5.308333333333 35.850000000000,-5.350000000000 35.850000000000,-5.391666666667 35.850000000000,-5.433333333333 35.850000000000,-5.433333333333 35.870833333333,-5.433333333333 35.891666666667,-5.433333333333 35.912500000000,-5.433333333333 35.933333333333,-5.433333333333 35.933333333333))
      SC25    1111-3                        POLYGON((-3.000000000000 35.333333333333,-2.958333333333 35.333333333333,-2.916666666667 35.333333333333,-2.875000000000 35.333333333333,-2.833333333333 35.333333333333,-2.833333333333 35.312500000000,-2.833333333333 35.291666666667,-2.833333333333 35.270833333333,-2.833333333333 35.250000000000,-2.875000000000 35.250000000000,-2.916666666667 35.250000000000,-2.958333333333 35.250000000000,-3.000000000000 35.250000000000,-3.000000000000 35.270833333333,-3.000000000000 35.291666666667,-3.000000000000 35.312500000000,-3.000000000000 35.333333333333,-3.000000000000 35.333333333333))
      SC25 1111-3_A1                        POLYGON((-2.453919707730 35.187012013005,-2.443503228032 35.187012013005,-2.433086748333 35.187012013005,-2.422670268635 35.187012013005,-2.412253788937 35.187012013005,-2.412253788937 35.182150733704,-2.412253788937 35.177289454402,-2.412253788937 35.172428175100,-2.412254201244 35.167567691343,-2.422670641614 35.167566895799,-2.433087121313 35.167566895799,-2.443503601011 35.167566895799,-2.453920080709 35.167566895799,-2.453919707730 35.172428175100,-2.453919707730 35.177289454402,-2.453919707730 35.182150733704,-2.453919707730 35.187012013005,-2.453919707730 35.187012013005))
